Name,Review,Date,Star Rating
Elise W [Upgrade to see in full],You kno [Upgrade to see in full],9/10/20 [Upgrade to see in full],5.0 sta [Upgrade to see in full]
Michell [Upgrade to see in full],The pla [Upgrade to see in full],10/28/2 [Upgrade to see in full],1.0 sta [Upgrade to see in full]
Navila  [Upgrade to see in full],Soooo I [Upgrade to see in full],9/8/201 [Upgrade to see in full],5.0 sta [Upgrade to see in full]
Daniel  [Upgrade to see in full],Southwe [Upgrade to see in full],11/27/2 [Upgrade to see in full],1.0 sta [Upgrade to see in full]
Emily M [Upgrade to see in full],I'm so  [Upgrade to see in full],5/4/201 [Upgrade to see in full],5.0 sta [Upgrade to see in full]
Rossy M [Upgrade to see in full],Great s [Upgrade to see in full],10/3/20 [Upgrade to see in full],5.0 sta [Upgrade to see in full]
Michael [Upgrade to see in full],I went  [Upgrade to see in full],7/15/20 [Upgrade to see in full],3.0 sta [Upgrade to see in full]
Jenna-R [Upgrade to see in full],LOVE th [Upgrade to see in full],11/19/2 [Upgrade to see in full],5.0 sta [Upgrade to see in full]
Kat R.,AMAZING [Upgrade to see in full],8/17/20 [Upgrade to see in full],5.0 sta [Upgrade to see in full]
Lianna  [Upgrade to see in full],I usual [Upgrade to see in full],9/4/201 [Upgrade to see in full],4.0 sta [Upgrade to see in full]
Renee C [Upgrade to see in full],The foo [Upgrade to see in full],8/27/20 [Upgrade to see in full],2.0 sta [Upgrade to see in full]
Eraiza  [Upgrade to see in full],GREAT F [Upgrade to see in full],11/9/20 [Upgrade to see in full],5.0 sta [Upgrade to see in full]
Samanth [Upgrade to see in full],This re [Upgrade to see in full],2/19/20 [Upgrade to see in full],3.0 sta [Upgrade to see in full]
Zaza R.,Cantina [Upgrade to see in full],2/15/20 [Upgrade to see in full],5.0 sta [Upgrade to see in full]
Latoya  [Upgrade to see in full],I stopp [Upgrade to see in full],1/18/20 [Upgrade to see in full],4.0 sta [Upgrade to see in full]
Haroon  [Upgrade to see in full],Good dr [Upgrade to see in full],6/15/20 [Upgrade to see in full],2.0 sta [Upgrade to see in full]
Anntoin [Upgrade to see in full],Greates [Upgrade to see in full],8/12/20 [Upgrade to see in full],5.0 sta [Upgrade to see in full]
Taryn C [Upgrade to see in full],This is [Upgrade to see in full],11/18/2 [Upgrade to see in full],3.0 sta [Upgrade to see in full]
Fontain [Upgrade to see in full],Great f [Upgrade to see in full],7/19/20 [Upgrade to see in full],4.0 sta [Upgrade to see in full]
Wendy H [Upgrade to see in full],Satisfy [Upgrade to see in full],10/23/2 [Upgrade to see in full],3.0 sta [Upgrade to see in full]
Erica N [Upgrade to see in full],Came on [Upgrade to see in full],5/5/201 [Upgrade to see in full],4.0 sta [Upgrade to see in full]
Lizzy N [Upgrade to see in full],This wa [Upgrade to see in full],4/14/20 [Upgrade to see in full],4.0 sta [Upgrade to see in full]
Frank A [Upgrade to see in full],Loved t [Upgrade to see in full],3/14/20 [Upgrade to see in full],2.0 sta [Upgrade to see in full]
Kishaun [Upgrade to see in full],Dope fo [Upgrade to see in full],6/4/201 [Upgrade to see in full],4.0 sta [Upgrade to see in full]
Jasmine [Upgrade to see in full],Good dr [Upgrade to see in full],6/27/20 [Upgrade to see in full],5.0 sta [Upgrade to see in full]
Courtne [Upgrade to see in full],It's a  [Upgrade to see in full],8/10/20 [Upgrade to see in full],2.0 sta [Upgrade to see in full]
Tiffany [Upgrade to see in full],Don't g [Upgrade to see in full],4/21/20 [Upgrade to see in full],4.0 sta [Upgrade to see in full]
Kathy D [Upgrade to see in full],Came he [Upgrade to see in full],4/6/201 [Upgrade to see in full],4.0 sta [Upgrade to see in full]
Lucy M.,Place h [Upgrade to see in full],8/13/20 [Upgrade to see in full],3.0 sta [Upgrade to see in full]
Lakisha [Upgrade to see in full],It was  [Upgrade to see in full],1/7/201 [Upgrade to see in full],4.0 sta [Upgrade to see in full]
Kessie  [Upgrade to see in full],Ordered [Upgrade to see in full],7/11/20 [Upgrade to see in full],3.0 sta [Upgrade to see in full]
Johan M [Upgrade to see in full],Visited [Upgrade to see in full],3/25/20 [Upgrade to see in full],5.0 sta [Upgrade to see in full]
Cassand [Upgrade to see in full],This pl [Upgrade to see in full],9/27/20 [Upgrade to see in full],5.0 sta [Upgrade to see in full]
Melanie [Upgrade to see in full],This pl [Upgrade to see in full],8/18/20 [Upgrade to see in full],3.0 sta [Upgrade to see in full]
Stephan [Upgrade to see in full],Sirloin [Upgrade to see in full],8/6/201 [Upgrade to see in full],5.0 sta [Upgrade to see in full]
Rachel  [Upgrade to see in full],My boyf [Upgrade to see in full],2/20/20 [Upgrade to see in full],4.0 sta [Upgrade to see in full]
Erika P [Upgrade to see in full],I have  [Upgrade to see in full],10/5/20 [Upgrade to see in full],1.0 sta [Upgrade to see in full]
Zaireyy [Upgrade to see in full],Went fo [Upgrade to see in full],2/16/20 [Upgrade to see in full],3.0 sta [Upgrade to see in full]
Ivy C.,This is [Upgrade to see in full],7/9/201 [Upgrade to see in full],4.0 sta [Upgrade to see in full]
joan b.,Yum!!!! [Upgrade to see in full],10/2/20 [Upgrade to see in full],5.0 sta [Upgrade to see in full]
alberto [Upgrade to see in full],OMG get [Upgrade to see in full],4/21/20 [Upgrade to see in full],5.0 sta [Upgrade to see in full]
Dove C.,I have  [Upgrade to see in full],12/16/2 [Upgrade to see in full],4.0 sta [Upgrade to see in full]
Denay W [Upgrade to see in full],Recomme [Upgrade to see in full],6/17/20 [Upgrade to see in full],4.0 sta [Upgrade to see in full]
Lucy K.,Pro: cu [Upgrade to see in full],1/2/201 [Upgrade to see in full],3.0 sta [Upgrade to see in full]
Anthony [Upgrade to see in full],I come  [Upgrade to see in full],7/22/20 [Upgrade to see in full],5.0 sta [Upgrade to see in full]
Aidi A.,Subpar  [Upgrade to see in full],11/11/2 [Upgrade to see in full],1.0 sta [Upgrade to see in full]
Mary H.,Wonderf [Upgrade to see in full],2/10/20 [Upgrade to see in full],5.0 sta [Upgrade to see in full]
Ken L.,I had t [Upgrade to see in full],9/25/20 [Upgrade to see in full],5.0 sta [Upgrade to see in full]
B H.,What ha [Upgrade to see in full],3/23/20 [Upgrade to see in full],1.0 sta [Upgrade to see in full]
Blair R [Upgrade to see in full],Margari [Upgrade to see in full],6/19/20 [Upgrade to see in full],5.0 sta [Upgrade to see in full]
Christi [Upgrade to see in full],I love  [Upgrade to see in full],8/26/20 [Upgrade to see in full],2.0 sta [Upgrade to see in full]
Carol M [Upgrade to see in full],Love th [Upgrade to see in full],1/21/20 [Upgrade to see in full],5.0 sta [Upgrade to see in full]
Eshaund [Upgrade to see in full],Taco Tu [Upgrade to see in full],10/24/2 [Upgrade to see in full],5.0 sta [Upgrade to see in full]
S E.,Went he [Upgrade to see in full],7/7/201 [Upgrade to see in full],1.0 sta [Upgrade to see in full]
Mary K.,Cocktai [Upgrade to see in full],5/2/201 [Upgrade to see in full],5.0 sta [Upgrade to see in full]
Chey O.,This is [Upgrade to see in full],4/9/201 [Upgrade to see in full],5.0 sta [Upgrade to see in full]
Dominek [Upgrade to see in full],Just le [Upgrade to see in full],3/17/20 [Upgrade to see in full],5.0 sta [Upgrade to see in full]
Kailey  [Upgrade to see in full],Around  [Upgrade to see in full],8/31/20 [Upgrade to see in full],5.0 sta [Upgrade to see in full]
Meike O [Upgrade to see in full],Had som [Upgrade to see in full],10/4/20 [Upgrade to see in full],4.0 sta [Upgrade to see in full]
Jay A.,Good dr [Upgrade to see in full],10/24/2 [Upgrade to see in full],4.0 sta [Upgrade to see in full]
Pedro I [Upgrade to see in full],Even th [Upgrade to see in full],11/27/2 [Upgrade to see in full],5.0 sta [Upgrade to see in full]
Jessica [Upgrade to see in full],The amb [Upgrade to see in full],11/5/20 [Upgrade to see in full],4.0 sta [Upgrade to see in full]
Cathy M [Upgrade to see in full],We were [Upgrade to see in full],5/13/20 [Upgrade to see in full],2.0 sta [Upgrade to see in full]
Jennife [Upgrade to see in full],So do g [Upgrade to see in full],9/3/201 [Upgrade to see in full],5.0 sta [Upgrade to see in full]
Marissa [Upgrade to see in full],Invitin [Upgrade to see in full],4/28/20 [Upgrade to see in full],5.0 sta [Upgrade to see in full]
Missy S [Upgrade to see in full],The cor [Upgrade to see in full],12/8/20 [Upgrade to see in full],4.0 sta [Upgrade to see in full]
Tim S.,Great f [Upgrade to see in full],5/11/20 [Upgrade to see in full],5.0 sta [Upgrade to see in full]
Carolin [Upgrade to see in full],I've be [Upgrade to see in full],6/28/20 [Upgrade to see in full],3.0 sta [Upgrade to see in full]
Sebasti [Upgrade to see in full],This is [Upgrade to see in full],6/26/20 [Upgrade to see in full],4.0 sta [Upgrade to see in full]
Kristin [Upgrade to see in full],This pl [Upgrade to see in full],4/25/20 [Upgrade to see in full],5.0 sta [Upgrade to see in full]
Jessica [Upgrade to see in full],Great s [Upgrade to see in full],10/13/2 [Upgrade to see in full],4.0 sta [Upgrade to see in full]
Natalie [Upgrade to see in full],I order [Upgrade to see in full],6/4/201 [Upgrade to see in full],1.0 sta [Upgrade to see in full]
Karina  [Upgrade to see in full],Ultimat [Upgrade to see in full],1/28/20 [Upgrade to see in full],5.0 sta [Upgrade to see in full]
Christo [Upgrade to see in full],I dragg [Upgrade to see in full],2/6/201 [Upgrade to see in full],5.0 sta [Upgrade to see in full]
Arlene  [Upgrade to see in full],Really  [Upgrade to see in full],8/8/201 [Upgrade to see in full],5.0 sta [Upgrade to see in full]
Carl J.,I love  [Upgrade to see in full],8/6/201 [Upgrade to see in full],5.0 sta [Upgrade to see in full]
Julie B [Upgrade to see in full],Come fo [Upgrade to see in full],9/7/201 [Upgrade to see in full],4.0 sta [Upgrade to see in full]
Andy B.,Nice li [Upgrade to see in full],7/8/201 [Upgrade to see in full],4.0 sta [Upgrade to see in full]
Tonino  [Upgrade to see in full],Amazing [Upgrade to see in full],7/13/20 [Upgrade to see in full],5.0 sta [Upgrade to see in full]
Adriana [Upgrade to see in full],Tacos w [Upgrade to see in full],2/15/20 [Upgrade to see in full],4.0 sta [Upgrade to see in full]
Kimberl [Upgrade to see in full],Now thi [Upgrade to see in full],7/9/201 [Upgrade to see in full],4.0 sta [Upgrade to see in full]
Melissa [Upgrade to see in full],Taco Tu [Upgrade to see in full],8/3/201 [Upgrade to see in full],3.0 sta [Upgrade to see in full]
Angela  [Upgrade to see in full],TO BE C [Upgrade to see in full],3/30/20 [Upgrade to see in full],1.0 sta [Upgrade to see in full]
Chan F.,I give  [Upgrade to see in full],7/8/201 [Upgrade to see in full],3.0 sta [Upgrade to see in full]
Wendy N [Upgrade to see in full],This is [Upgrade to see in full],3/4/201 [Upgrade to see in full],4.0 sta [Upgrade to see in full]
Samson  [Upgrade to see in full],So it's [Upgrade to see in full],2/27/20 [Upgrade to see in full],1.0 sta [Upgrade to see in full]
Sinan L [Upgrade to see in full],Nice lo [Upgrade to see in full],8/1/201 [Upgrade to see in full],4.0 sta [Upgrade to see in full]
Kamal M [Upgrade to see in full],The dec [Upgrade to see in full],7/30/20 [Upgrade to see in full],2.0 sta [Upgrade to see in full]
Jeimy C [Upgrade to see in full],Yasssss [Upgrade to see in full],6/22/20 [Upgrade to see in full],5.0 sta [Upgrade to see in full]
Jeana H [Upgrade to see in full],This pl [Upgrade to see in full],2/8/201 [Upgrade to see in full],5.0 sta [Upgrade to see in full]
Jim B.,Don't w [Upgrade to see in full],11/21/2 [Upgrade to see in full],4.0 sta [Upgrade to see in full]
Steven  [Upgrade to see in full],Nachos  [Upgrade to see in full],1/11/20 [Upgrade to see in full],5.0 sta [Upgrade to see in full]
Juanika [Upgrade to see in full],My frie [Upgrade to see in full],5/8/201 [Upgrade to see in full],3.0 sta [Upgrade to see in full]
Thea C.,I love  [Upgrade to see in full],6/2/201 [Upgrade to see in full],4.0 sta [Upgrade to see in full]
Robert  [Upgrade to see in full],I had a [Upgrade to see in full],6/12/20 [Upgrade to see in full],2.0 sta [Upgrade to see in full]
Summer  [Upgrade to see in full],Love th [Upgrade to see in full],3/26/20 [Upgrade to see in full],5.0 sta [Upgrade to see in full]
Alex N.,Drinks  [Upgrade to see in full],1/14/20 [Upgrade to see in full],3.0 sta [Upgrade to see in full]
T B.,Unfortu [Upgrade to see in full],2/3/201 [Upgrade to see in full],1.0 sta [Upgrade to see in full]
Taylor  [Upgrade to see in full],I don't [Upgrade to see in full],4/1/201 [Upgrade to see in full],1.0 sta [Upgrade to see in full]
Elana B [Upgrade to see in full],I just  [Upgrade to see in full],10/1/20 [Upgrade to see in full],5.0 sta [Upgrade to see in full]
Desi M.,I love  [Upgrade to see in full],3/23/20 [Upgrade to see in full],5.0 sta [Upgrade to see in full]
Sean S.,Went in [Upgrade to see in full],1/31/20 [Upgrade to see in full],5.0 sta [Upgrade to see in full]
Chris A [Upgrade to see in full],Good fo [Upgrade to see in full],5/4/201 [Upgrade to see in full],4.0 sta [Upgrade to see in full]
Angela  [Upgrade to see in full],This is [Upgrade to see in full],12/31/2 [Upgrade to see in full],5.0 sta [Upgrade to see in full]
Frankie [Upgrade to see in full],I came  [Upgrade to see in full],5/26/20 [Upgrade to see in full],4.0 sta [Upgrade to see in full]
Celine  [Upgrade to see in full],I love  [Upgrade to see in full],2/21/20 [Upgrade to see in full],5.0 sta [Upgrade to see in full]
Julie W [Upgrade to see in full],More 3. [Upgrade to see in full],4/6/201 [Upgrade to see in full],4.0 sta [Upgrade to see in full]
Rebekah [Upgrade to see in full],These a [Upgrade to see in full],5/22/20 [Upgrade to see in full],5.0 sta [Upgrade to see in full]
S G.,My boyf [Upgrade to see in full],6/6/201 [Upgrade to see in full],5.0 sta [Upgrade to see in full]
Tierney [Upgrade to see in full],The can [Upgrade to see in full],6/12/20 [Upgrade to see in full],5.0 sta [Upgrade to see in full]
MinhDuy [Upgrade to see in full],came he [Upgrade to see in full],3/19/20 [Upgrade to see in full],3.0 sta [Upgrade to see in full]
Jeff G.,Wasn't  [Upgrade to see in full],5/31/20 [Upgrade to see in full],4.0 sta [Upgrade to see in full]
Michell [Upgrade to see in full],Ordered [Upgrade to see in full],11/12/2 [Upgrade to see in full],4.0 sta [Upgrade to see in full]
Lauren  [Upgrade to see in full],I went  [Upgrade to see in full],9/2/201 [Upgrade to see in full],5.0 sta [Upgrade to see in full]
Luz T.,This pl [Upgrade to see in full],9/15/20 [Upgrade to see in full],5.0 sta [Upgrade to see in full]
Jus T.,I've ca [Upgrade to see in full],7/12/20 [Upgrade to see in full],4.0 sta [Upgrade to see in full]
Courtne [Upgrade to see in full],I guess [Upgrade to see in full],3/10/20 [Upgrade to see in full],3.0 sta [Upgrade to see in full]
Angelic [Upgrade to see in full],You get [Upgrade to see in full],9/9/201 [Upgrade to see in full],3.0 sta [Upgrade to see in full]
Jose E.,Came wi [Upgrade to see in full],4/4/201 [Upgrade to see in full],5.0 sta [Upgrade to see in full]
Kiarra  [Upgrade to see in full],Out of  [Upgrade to see in full],2/3/201 [Upgrade to see in full],5.0 sta [Upgrade to see in full]
Stacey  [Upgrade to see in full],Awesome [Upgrade to see in full],12/8/20 [Upgrade to see in full],4.0 sta [Upgrade to see in full]
Sade A.,I came  [Upgrade to see in full],4/14/20 [Upgrade to see in full],5.0 sta [Upgrade to see in full]
Margari [Upgrade to see in full],First t [Upgrade to see in full],3/1/201 [Upgrade to see in full],5.0 sta [Upgrade to see in full]
Jade A.,The tac [Upgrade to see in full],9/19/20 [Upgrade to see in full],3.0 sta [Upgrade to see in full]
Eve C.,My frie [Upgrade to see in full],11/14/2 [Upgrade to see in full],5.0 sta [Upgrade to see in full]
Josh M.,Brunch  [Upgrade to see in full],7/7/201 [Upgrade to see in full],3.0 sta [Upgrade to see in full]
Brooke  [Upgrade to see in full],Amazing [Upgrade to see in full],9/27/20 [Upgrade to see in full],5.0 sta [Upgrade to see in full]
Sandy S [Upgrade to see in full],Best fo [Upgrade to see in full],11/11/2 [Upgrade to see in full],5.0 sta [Upgrade to see in full]
Chad C.,If it's [Upgrade to see in full],10/19/2 [Upgrade to see in full],4.0 sta [Upgrade to see in full]
Shea C.,Rude an [Upgrade to see in full],8/7/201 [Upgrade to see in full],1.0 sta [Upgrade to see in full]
Jami H.,This pl [Upgrade to see in full],8/27/20 [Upgrade to see in full],5.0 sta [Upgrade to see in full]
Chantal [Upgrade to see in full],Thank y [Upgrade to see in full],4/14/20 [Upgrade to see in full],5.0 sta [Upgrade to see in full]
Benji C [Upgrade to see in full],Happy h [Upgrade to see in full],10/11/2 [Upgrade to see in full],1.0 sta [Upgrade to see in full]
Ebony M [Upgrade to see in full],The ser [Upgrade to see in full],10/23/2 [Upgrade to see in full],3.0 sta [Upgrade to see in full]
Yarisa  [Upgrade to see in full],Nice ba [Upgrade to see in full],11/13/2 [Upgrade to see in full],5.0 sta [Upgrade to see in full]
Sasha N [Upgrade to see in full],What a  [Upgrade to see in full],7/19/20 [Upgrade to see in full],4.0 sta [Upgrade to see in full]
Soo N.,Free au [Upgrade to see in full],8/9/201 [Upgrade to see in full],4.0 sta [Upgrade to see in full]
Sarah A [Upgrade to see in full],On a Th [Upgrade to see in full],9/23/20 [Upgrade to see in full],5.0 sta [Upgrade to see in full]
Phylici [Upgrade to see in full],If you  [Upgrade to see in full],9/16/20 [Upgrade to see in full],5.0 sta [Upgrade to see in full]
Steph D [Upgrade to see in full],All the [Upgrade to see in full],10/10/2 [Upgrade to see in full],5.0 sta [Upgrade to see in full]
Jewel G [Upgrade to see in full],I Been  [Upgrade to see in full],9/6/201 [Upgrade to see in full],3.0 sta [Upgrade to see in full]
Myrzzy  [Upgrade to see in full],This is [Upgrade to see in full],8/14/20 [Upgrade to see in full],3.0 sta [Upgrade to see in full]
Carlos  [Upgrade to see in full],The tac [Upgrade to see in full],11/8/20 [Upgrade to see in full],5.0 sta [Upgrade to see in full]
Liz P.,EDIT: 3 [Upgrade to see in full],3/5/201 [Upgrade to see in full],3.0 sta [Upgrade to see in full]
Joanna  [Upgrade to see in full],Craptas [Upgrade to see in full],7/22/20 [Upgrade to see in full],1.0 sta [Upgrade to see in full]
Gaby M.,I am ou [Upgrade to see in full],7/16/20 [Upgrade to see in full],1.0 sta [Upgrade to see in full]
Derrick [Upgrade to see in full],So this [Upgrade to see in full],1/12/20 [Upgrade to see in full],5.0 sta [Upgrade to see in full]
Samara  [Upgrade to see in full],Came he [Upgrade to see in full],2/2/201 [Upgrade to see in full],5.0 sta [Upgrade to see in full]
Charles [Upgrade to see in full],The hap [Upgrade to see in full],7/29/20 [Upgrade to see in full],5.0 sta [Upgrade to see in full]
Kevin S [Upgrade to see in full],Stumble [Upgrade to see in full],8/23/20 [Upgrade to see in full],4.0 sta [Upgrade to see in full]
Najaah  [Upgrade to see in full],Great f [Upgrade to see in full],9/4/201 [Upgrade to see in full],5.0 sta [Upgrade to see in full]
Tasheen [Upgrade to see in full],A hidde [Upgrade to see in full],9/1/201 [Upgrade to see in full],4.0 sta [Upgrade to see in full]
Margare [Upgrade to see in full],The ser [Upgrade to see in full],7/7/201 [Upgrade to see in full],5.0 sta [Upgrade to see in full]
Janet A [Upgrade to see in full],One of  [Upgrade to see in full],8/1/201 [Upgrade to see in full],5.0 sta [Upgrade to see in full]
Ayshia  [Upgrade to see in full],Great n [Upgrade to see in full],7/13/20 [Upgrade to see in full],4.0 sta [Upgrade to see in full]
Tracy S [Upgrade to see in full],For wha [Upgrade to see in full],2/27/20 [Upgrade to see in full],3.0 sta [Upgrade to see in full]
Matt W.,I'm not [Upgrade to see in full],6/5/201 [Upgrade to see in full],5.0 sta [Upgrade to see in full]
Dirk M.,I love  [Upgrade to see in full],2/24/20 [Upgrade to see in full],3.0 sta [Upgrade to see in full]
Ra-Fael [Upgrade to see in full],FUN SPO [Upgrade to see in full],4/16/20 [Upgrade to see in full],5.0 sta [Upgrade to see in full]
Michell [Upgrade to see in full],Jacelyn [Upgrade to see in full],6/4/201 [Upgrade to see in full],4.0 sta [Upgrade to see in full]
S B.,Tacos a [Upgrade to see in full],7/27/20 [Upgrade to see in full],5.0 sta [Upgrade to see in full]
Jennife [Upgrade to see in full],Came on [Upgrade to see in full],6/2/201 [Upgrade to see in full],5.0 sta [Upgrade to see in full]
Tori S.,ethan w [Upgrade to see in full],1/4/201 [Upgrade to see in full],5.0 sta [Upgrade to see in full]
Shannon [Upgrade to see in full],Taco pl [Upgrade to see in full],6/10/20 [Upgrade to see in full],5.0 sta [Upgrade to see in full]
Hunter  [Upgrade to see in full],I recen [Upgrade to see in full],6/30/20 [Upgrade to see in full],5.0 sta [Upgrade to see in full]
Dalila  [Upgrade to see in full],Service [Upgrade to see in full],2/4/201 [Upgrade to see in full],3.0 sta [Upgrade to see in full]
Irma C.,After r [Upgrade to see in full],5/3/201 [Upgrade to see in full],3.0 sta [Upgrade to see in full]
Ronnie  [Upgrade to see in full],Great s [Upgrade to see in full],6/27/20 [Upgrade to see in full],5.0 sta [Upgrade to see in full]
Sybille [Upgrade to see in full],The foo [Upgrade to see in full],6/25/20 [Upgrade to see in full],2.0 sta [Upgrade to see in full]
Natasha [Upgrade to see in full],My firs [Upgrade to see in full],4/10/20 [Upgrade to see in full],4.0 sta [Upgrade to see in full]
Sunshin [Upgrade to see in full],Our ser [Upgrade to see in full],12/21/2 [Upgrade to see in full],5.0 sta [Upgrade to see in full]
Zeke Z.,The rea [Upgrade to see in full],5/5/201 [Upgrade to see in full],5.0 sta [Upgrade to see in full]
Ashley  [Upgrade to see in full],Tacos a [Upgrade to see in full],2/23/20 [Upgrade to see in full],5.0 sta [Upgrade to see in full]
J R.,Decent  [Upgrade to see in full],5/19/20 [Upgrade to see in full],3.0 sta [Upgrade to see in full]
Tori W.,Happy h [Upgrade to see in full],4/7/201 [Upgrade to see in full],5.0 sta [Upgrade to see in full]
Daniela [Upgrade to see in full],This re [Upgrade to see in full],4/22/20 [Upgrade to see in full],5.0 sta [Upgrade to see in full]
Joe G.,Monzur  [Upgrade to see in full],6/24/20 [Upgrade to see in full],5.0 sta [Upgrade to see in full]
Sadiqa  [Upgrade to see in full],Tacos a [Upgrade to see in full],1/23/20 [Upgrade to see in full],5.0 sta [Upgrade to see in full]
Alvin D [Upgrade to see in full],I had a [Upgrade to see in full],2/14/20 [Upgrade to see in full],5.0 sta [Upgrade to see in full]
Mardory [Upgrade to see in full],Beware  [Upgrade to see in full],12/26/2 [Upgrade to see in full],3.0 sta [Upgrade to see in full]
Catheri [Upgrade to see in full],Waitres [Upgrade to see in full],4/7/201 [Upgrade to see in full],5.0 sta [Upgrade to see in full]
Carter  [Upgrade to see in full],My favo [Upgrade to see in full],4/5/201 [Upgrade to see in full],5.0 sta [Upgrade to see in full]
Andrea  [Upgrade to see in full],The man [Upgrade to see in full],4/4/201 [Upgrade to see in full],5.0 sta [Upgrade to see in full]
Marilyn [Upgrade to see in full],The onl [Upgrade to see in full],1/17/20 [Upgrade to see in full],4.0 sta [Upgrade to see in full]
Marie A [Upgrade to see in full],Seeing  [Upgrade to see in full],1/19/20 [Upgrade to see in full],5.0 sta [Upgrade to see in full]
Nivea M [Upgrade to see in full],I came  [Upgrade to see in full],12/14/2 [Upgrade to see in full],3.0 sta [Upgrade to see in full]
Kelli J [Upgrade to see in full],(This i [Upgrade to see in full],2/19/20 [Upgrade to see in full],3.0 sta [Upgrade to see in full]
Roni B.,"OMG, So [Upgrade to see in full]",1/21/20 [Upgrade to see in full],4.0 sta [Upgrade to see in full]
Natalie [Upgrade to see in full],Hands d [Upgrade to see in full],2/4/201 [Upgrade to see in full],5.0 sta [Upgrade to see in full]
Wilma D [Upgrade to see in full],Its nea [Upgrade to see in full],4/13/20 [Upgrade to see in full],4.0 sta [Upgrade to see in full]
Deneish [Upgrade to see in full],Come he [Upgrade to see in full],9/2/201 [Upgrade to see in full],4.0 sta [Upgrade to see in full]
Kelsey  [Upgrade to see in full],Killer  [Upgrade to see in full],2/2/201 [Upgrade to see in full],5.0 sta [Upgrade to see in full]
Kayla V [Upgrade to see in full],Abraham [Upgrade to see in full],1/12/20 [Upgrade to see in full],5.0 sta [Upgrade to see in full]
Mariah  [Upgrade to see in full],I came  [Upgrade to see in full],10/10/2 [Upgrade to see in full],5.0 sta [Upgrade to see in full]
Tae K.,I am st [Upgrade to see in full],1/24/20 [Upgrade to see in full],4.0 sta [Upgrade to see in full]
Iman Sa [Upgrade to see in full],Came he [Upgrade to see in full],8/16/20 [Upgrade to see in full],2.0 sta [Upgrade to see in full]
Bim B.,Terribl [Upgrade to see in full],9/13/20 [Upgrade to see in full],1.0 sta [Upgrade to see in full]
Crystal [Upgrade to see in full],This is [Upgrade to see in full],2/19/20 [Upgrade to see in full],5.0 sta [Upgrade to see in full]
Claire  [Upgrade to see in full],My husb [Upgrade to see in full],2/17/20 [Upgrade to see in full],5.0 sta [Upgrade to see in full]
D M.,It's a  [Upgrade to see in full],10/6/20 [Upgrade to see in full],4.0 sta [Upgrade to see in full]
Clemmy  [Upgrade to see in full],Great b [Upgrade to see in full],7/31/20 [Upgrade to see in full],5.0 sta [Upgrade to see in full]
Michael [Upgrade to see in full],UPDATE: [Upgrade to see in full],11/6/20 [Upgrade to see in full],1.0 sta [Upgrade to see in full]
Jose G.,Very go [Upgrade to see in full],12/11/2 [Upgrade to see in full],4.0 sta [Upgrade to see in full]
Stratfo [Upgrade to see in full],I had a [Upgrade to see in full],10/11/2 [Upgrade to see in full],5.0 sta [Upgrade to see in full]
Kate R.,I love  [Upgrade to see in full],7/15/20 [Upgrade to see in full],5.0 sta [Upgrade to see in full]
Karen W [Upgrade to see in full],This wa [Upgrade to see in full],4/9/201 [Upgrade to see in full],5.0 sta [Upgrade to see in full]
Erica F [Upgrade to see in full],So from [Upgrade to see in full],9/19/20 [Upgrade to see in full],3.0 sta [Upgrade to see in full]
Andrea  [Upgrade to see in full],Enjoyed [Upgrade to see in full],6/15/20 [Upgrade to see in full],5.0 sta [Upgrade to see in full]
Alexand [Upgrade to see in full],"So fun, [Upgrade to see in full]",11/8/20 [Upgrade to see in full],4.0 sta [Upgrade to see in full]
Janine  [Upgrade to see in full],Best pr [Upgrade to see in full],11/6/20 [Upgrade to see in full],4.0 sta [Upgrade to see in full]
Lex B.,The hap [Upgrade to see in full],11/15/2 [Upgrade to see in full],4.0 sta [Upgrade to see in full]
MJ L.,My husb [Upgrade to see in full],10/26/2 [Upgrade to see in full],3.0 sta [Upgrade to see in full]
Lexx F.,Prince  [Upgrade to see in full],8/25/20 [Upgrade to see in full],5.0 sta [Upgrade to see in full]
Alice T [Upgrade to see in full],Hate to [Upgrade to see in full],10/14/2 [Upgrade to see in full],2.0 sta [Upgrade to see in full]
Kai L.,This pl [Upgrade to see in full],1/26/20 [Upgrade to see in full],5.0 sta [Upgrade to see in full]
Khalima [Upgrade to see in full],This is [Upgrade to see in full],7/28/20 [Upgrade to see in full],5.0 sta [Upgrade to see in full]
Sid G.,Great s [Upgrade to see in full],9/26/20 [Upgrade to see in full],4.0 sta [Upgrade to see in full]
Clinton [Upgrade to see in full],Fantast [Upgrade to see in full],11/5/20 [Upgrade to see in full],5.0 sta [Upgrade to see in full]
Bradley [Upgrade to see in full],Good fo [Upgrade to see in full],9/17/20 [Upgrade to see in full],4.0 sta [Upgrade to see in full]
Megan C [Upgrade to see in full],Non-Tra [Upgrade to see in full],1/4/201 [Upgrade to see in full],5.0 sta [Upgrade to see in full]